best_mAP50=0.522863247863248
best_mAP=0.43509218559218577
